0 1
0.01 1
0.02 1
0.03 1
0.04 0.996
0.05 0.998
0.06 0.996
0.07 0.994
0.08 0.992
0.09 0.988
0.1 1
0.11 0.99
0.12 0.986
0.13 0.982
0.14 0.98
0.15 0.968
0.16 0.976
0.17 0.976
0.18 0.968
0.19 0.964
0.2 0.954
0.21 0.95
0.22 0.944
0.23 0.938
0.24 0.932
0.25 0.932
0.26 0.914
0.27 0.9
0.28 0.892
0.29 0.866
0.3 0.904
0.31 0.854
0.32 0.838
0.33 0.866
0.34 0.846
0.35 0.812
0.36 0.802
0.37 0.818
0.38 0.794
0.39 0.796
0.4 0.738
0.41 0.722
0.42 0.712
0.43 0.712
0.44 0.678
0.45 0.63
0.46 0.664
0.47 0.594
0.48 0.582
0.49 0.6
0.5 0.556
0.51 0.54
0.52 0.508
0.53 0.504
0.54 0.472
0.55 0.42
0.56 0.428
0.57 0.392
0.58 0.396
0.59 0.306
0.6 0.308
0.61 0.33
0.62 0.24
0.63 0.228
0.64 0.228
0.65 0.222
0.66 0.194
0.67 0.164
0.68 0.186
0.69 0.158
0.7 0.13
0.71 0.142
0.72 0.112
0.73 0.094
0.74 0.084
0.75 0.072
0.76 0.056
0.77 0.04
0.78 0.044
0.79 0.034
0.8 0.024
0.81 0.048
0.82 0.026
0.83 0.012
0.839999 0.008
0.849999 0.006
0.859999 0.008
0.869999 0.002
0.879999 0
0.889999 0.004
0.899999 0.004
0.909999 0.002
0.919999 0
0.929999 0.002
0.939999 0
0.949999 0
0.959999 0
0.969999 0
0.979999 0
0.989999 0
0.999999 0
1 0