0 1
0.01 1
0.02 0.999
0.03 0.999
0.04 0.997
0.05 0.999
0.06 0.995
0.07 0.992
0.08 0.994
0.09 0.994
0.1 0.994
0.11 0.992
0.12 0.98
0.13 0.988
0.14 0.978
0.15 0.973
0.16 0.969
0.17 0.968
0.18 0.96
0.19 0.959
0.2 0.964
0.21 0.951
0.22 0.945
0.23 0.928
0.24 0.939
0.25 0.929
0.26 0.927
0.27 0.895
0.28 0.886
0.29 0.9
0.3 0.885
0.31 0.865
0.32 0.857
0.33 0.849
0.34 0.853
0.35 0.835
0.36 0.801
0.37 0.764
0.38 0.755
0.39 0.76
0.4 0.733
0.41 0.745
0.42 0.705
0.43 0.678
0.44 0.698
0.45 0.674
0.46 0.633
0.47 0.579
0.48 0.581
0.49 0.552
0.5 0.541
0.51 0.489
0.52 0.5
0.53 0.488
0.54 0.464
0.55 0.448
0.56 0.404
0.57 0.365
0.58 0.346
0.59 0.33
0.6 0.322
0.61 0.29
0.62 0.303
0.63 0.244
0.64 0.227
0.65 0.219
0.66 0.187
0.67 0.198
0.68 0.182
0.69 0.149
0.7 0.121
0.71 0.123
0.72 0.1
0.73 0.087
0.74 0.083
0.75 0.063
0.76 0.06
0.77 0.052
0.78 0.05
0.79 0.049
0.8 0.027
0.81 0.029
0.82 0.028
0.83 0.017
0.84 0.007
0.85 0.014
0.86 0.006
0.87 0.003
0.88 0.003
0.89 0.002
0.9 0.002
0.91 0
0.92 0
0.93 0
0.94 0
0.95 0
0.96 0
0.97 0
0.98 0
0.99 0
1 0