0 1
0.01 0.981
0.02 0.965
0.03 0.95
0.04 0.903
0.05 0.867
0.06 0.813
0.07 0.779
0.08 0.735
0.09 0.689
0.1 0.678
0.11 0.618
0.12 0.584
0.13 0.532
0.14 0.512
0.15 0.47
0.16 0.415
0.17 0.39
0.18 0.343
0.19 0.305
0.2 0.305
0.21 0.254
0.22 0.223
0.23 0.202
0.24 0.203
0.25 0.146
0.26 0.168
0.27 0.164
0.28 0.132
0.29 0.117
0.3 0.101
0.31 0.088
0.32 0.086
0.33 0.067
0.34 0.071
0.35 0.058
0.36 0.049
0.37 0.037
0.38 0.034
0.39 0.023
0.4 0.025
0.41 0.027
0.42 0.013
0.43 0.022
0.44 0.013
0.45 0.005
0.46 0.014
0.47 0.005
0.48 0.009
0.49 0.008
0.5 0.005
0.51 0.005
0.52 0.005
0.53 0.004
0.54 0
0.55 0.001
0.56 0.001
0.57 0.001
0.58 0
0.59 0.001
0.6 0
0.61 0.001
0.62 0.002
0.63 0
0.64 0.001
0.65 0
0.66 0.001
0.67 0
0.68 0
0.69 0
0.7 0
0.71 0
0.72 0
0.73 0
0.74 0
0.75 0
0.76 0
0.77 0
0.78 0
0.79 0
0.8 0
0.81 0
0.82 0
0.83 0
0.84 0
0.85 0
0.86 0
0.87 0
0.88 0
0.89 0
0.9 0
0.91 0
0.92 0
0.93 0
0.94 0
0.95 0
0.96 0
0.97 0
0.98 0
0.99 0
1 0