0 0 0 0 0 0 0 0 0 0 0 0 0 0 0 0 0 0 0 0 0 0 0 0 0 0 0 0 0 0 0 0 0 0 0 0 0 0 0 0 0 0 0 0 0 0 0 0 0 0 0 0 0 0 0 0 0 0 0 0 0 0 0 0 0 0 0 0 0 0 0 0 0 0 0 0 0 0 0 0 0 0 0 0 0 0 0 0 0 0 0 0 0 0 0 0 0 0 0 0 
501 20 0 0 0 0 0 0 0 0 0 0 0 0 0 0 0 0 0 0 0 0 0 0 0 0 0 0 0 0 0 0 0 0 0 0 0 0 0 0 0 0 0 0 0 0 0 0 0 0 0 0 0 0 0 0 0 0 0 0 0 0 0 0 0 0 0 0 0 0 0 0 0 0 0 0 0 0 0 0 0 0 0 0 0 0 0 0 0 0 0 0 0 0 0 0 0 0 0 0 
999 207 16 0 0 0 0 0 0 0 0 0 0 0 0 0 0 0 0 0 0 0 0 0 0 0 0 0 0 0 0 0 0 0 0 0 0 0 0 0 0 0 0 0 0 0 0 0 0 0 0 0 0 0 0 0 0 0 0 0 0 0 0 0 0 0 0 0 0 0 0 0 0 0 0 0 0 0 0 0 0 0 0 0 0 0 0 0 0 0 0 0 0 0 0 0 0 0 0 0 
1503 657 217 37 1 0 0 0 0 0 0 0 0 0 0 0 0 0 0 0 0 0 0 0 0 0 0 0 0 0 0 0 0 0 0 0 0 0 0 0 0 0 0 0 0 0 0 0 0 0 0 0 0 0 0 0 0 0 0 0 0 0 0 0 0 0 0 0 0 0 0 0 0 0 0 0 0 0 0 0 0 0 0 0 0 0 0 0 0 0 0 0 0 0 0 0 0 0 0 0 
1986 1304 876 543 283 103 19 1 0 0 0 0 0 0 0 0 0 0 0 0 0 0 0 0 0 0 0 0 0 0 0 0 0 0 0 0 0 0 0 0 0 0 0 0 0 0 0 0 0 0 0 0 0 0 0 0 0 0 0 0 0 0 0 0 0 0 0 0 0 0 0 0 0 0 0 0 0 0 0 0 0 0 0 0 0 0 0 0 0 0 0 0 0 0 0 0 0 0 0 0 
2500 2058 1828 1674 1561 1467 1387 1313 1244 1177 1110 1039 966 887 804 718 630 546 469 402 344 299 267 244 224 205 189 173 159 148 140 132 126 121 115 109 103 98 95 94 93 91 90 88 85 83 81 78 75 71 66 61 54 47 38 28 19 10 4 2 0 0 0 0 0 0 0 0 0 0 0 0 0 0 0 0 0 0 0 0 0 0 0 0 0 0 0 0 0 0 0 0 0 0 0 0 0 0 0 0 
2997 2771 2697 2668 2657 2652 2650 2649 2648 2648 2648 2648 2648 2648 2648 2648 2648 2648 2648 2648 2648 2648 2648 2648 2648 2648 2648 2648 2648 2648 2648 2648 2648 2648 2648 2648 2648 2648 2648 2648 2648 2648 2648 2648 2648 2648 2648 2648 2648 2648 2648 2648 2648 2648 2648 2648 2648 2648 2648 2648 2648 2648 2648 2648 2648 2648 2648 2648 2648 2648 2648 2648 2648 2648 2648 2648 2648 2648 2648 2648 2648 2648 2648 2648 2648 2648 2648 2648 2648 2648 2648 2648 2648 2648 2648 2648 2648 2648 2648 2648 
3513 3432 3419 3417 3417 3417 3417 3417 3417 3417 3417 3417 3417 3417 3417 3417 3417 3417 3417 3417 3417 3417 3417 3417 3417 3417 3417 3417 3417 3417 3417 3417 3417 3417 3417 3417 3417 3417 3417 3417 3417 3417 3417 3417 3417 3417 3417 3417 3417 3417 3417 3417 3417 3417 3417 3417 3417 3417 3417 3417 3417 3417 3417 3417 3417 3417 3417 3417 3417 3417 3417 3417 3417 3417 3417 3417 3417 3417 3417 3417 3417 3417 3417 3417 3417 3417 3417 3417 3417 3417 3417 3417 3417 3417 3417 3417 3417 3417 3417 3417 
4004 3985 3984 3984 3984 3984 3984 3984 3984 3984 3984 3984 3984 3984 3984 3984 3984 3984 3984 3984 3984 3984 3984 3984 3984 3984 3984 3984 3984 3984 3984 3984 3984 3984 3984 3984 3984 3984 3984 3984 3984 3984 3984 3984 3984 3984 3984 3984 3984 3984 3984 3984 3984 3984 3984 3984 3984 3984 3984 3984 3984 3984 3984 3984 3984 3984 3984 3984 3984 3984 3984 3984 3984 3984 3984 3984 3984 3984 3984 3984 3984 3984 3984 3984 3984 3984 3984 3984 3984 3984 3984 3984 3984 3984 3984 3984 3984 3984 3984 3984 
4501 4500 4500 4500 4500 4500 4500 4500 4500 4500 4500 4500 4500 4500 4500 4500 4500 4500 4500 4500 4500 4500 4500 4500 4500 4500 4500 4500 4500 4500 4500 4500 4500 4500 4500 4500 4500 4500 4500 4500 4500 4500 4500 4500 4500 4500 4500 4500 4500 4500 4500 4500 4500 4500 4500 4500 4500 4500 4500 4500 4500 4500 4500 4500 4500 4500 4500 4500 4500 4500 4500 4500 4500 4500 4500 4500 4500 4500 4500 4500 4500 4500 4500 4500 4500 4500 4500 4500 4500 4500 4500 4500 4500 4500 4500 4500 4500 4500 4500 4500 
5000 5000 5000 5000 5000 5000 5000 5000 5000 5000 5000 5000 5000 5000 5000 5000 5000 5000 5000 5000 5000 5000 5000 5000 5000 5000 5000 5000 5000 5000 5000 5000 5000 5000 5000 5000 5000 5000 5000 5000 5000 5000 5000 5000 5000 5000 5000 5000 5000 5000 5000 5000 5000 5000 5000 5000 5000 5000 5000 5000 5000 5000 5000 5000 5000 5000 5000 5000 5000 5000 5000 5000 5000 5000 5000 5000 5000 5000 5000 5000 5000 5000 5000 5000 5000 5000 5000 5000 5000 5000 5000 5000 5000 5000 5000 5000 5000 5000 5000 5000 