0 0 0 0 0 0 0 0 0 0 0 0 0 0 0 0 0 0 0 0 0 0 0 0 0 0 0 0 0 0 0 0 0 0 0 0 0 0 0 0 0 0 0 0 0 0 0 0 0 0 0 0 0 0 0 0 0 0 0 0 0 0 0 0 0 0 0 0 0 0 0 0 0 0 0 0 0 0 0 0 0 0 0 0 0 0 0 0 0 0 0 0 0 0 0 0 0 0 0 0 
500 500 470 429 387 345 301 260 222 190 166 151 142 138 140 148 168 204 259 332 412 478 524 554 570 579 582 586 594 599 604 611 621 632 641 649 656 660 663 666 669 674 680 686 693 702 711 718 725 733 740 746 752 759 769 781 793 799 805 810 816 823 828 833 839 844 849 854 860 866 871 876 881 886 892 897 902 909 914 920 926 932 937 942 947 955 960 965 969 976 984 992 998 1002 1005 1009 1011 1014 1018 1023 
1003 1003 1003 1003 1003 1003 1003 1003 1003 1003 1003 1003 1003 1003 1003 1003 1003 1003 1003 1003 1003 1003 1003 1003 1003 1003 1003 1003 1003 1003 1003 1003 1003 1003 1003 1003 1003 1003 1003 1003 1003 1003 1003 1003 1003 1003 1003 1003 1003 1003 1003 1003 1003 1003 1003 1003 1003 1003 1003 1003 1003 1003 1003 1003 1003 1003 1003 1003 1003 1003 1003 1003 1003 1003 1003 1003 1003 1003 1003 1003 1003 1003 1003 1003 1003 1003 1003 1003 1003 1003 1003 1003 1003 1003 1003 1003 1003 1003 1003 1003 
1507 1507 1507 1507 1507 1507 1507 1507 1507 1507 1507 1507 1507 1507 1507 1507 1507 1507 1507 1507 1507 1507 1507 1507 1507 1507 1507 1507 1507 1507 1507 1507 1507 1507 1507 1507 1507 1507 1507 1507 1507 1507 1507 1507 1507 1507 1507 1507 1507 1507 1507 1507 1507 1507 1507 1507 1507 1507 1507 1507 1507 1507 1507 1507 1507 1507 1507 1507 1507 1507 1507 1507 1507 1507 1507 1507 1507 1507 1507 1507 1507 1507 1507 1507 1507 1507 1507 1507 1507 1507 1507 1507 1507 1507 1507 1507 1507 1507 1507 1507 
2001 2001 2001 2001 2001 2001 2001 2001 2001 2001 2001 2001 2001 2001 2001 2001 2001 2001 2001 2001 2001 2001 2001 2001 2001 2001 2001 2001 2001 2001 2001 2001 2001 2001 2001 2001 2001 2001 2001 2001 2001 2001 2001 2001 2001 2001 2001 2001 2001 2001 2001 2001 2001 2001 2001 2001 2001 2001 2001 2001 2001 2001 2001 2001 2001 2001 2001 2001 2001 2001 2001 2001 2001 2001 2001 2001 2001 2001 2001 2001 2001 2001 2001 2001 2001 2001 2001 2001 2001 2001 2001 2001 2001 2001 2001 2001 2001 2001 2001 2001 
2496 2496 2496 2496 2496 2496 2496 2496 2496 2496 2496 2496 2496 2496 2496 2496 2496 2496 2496 2496 2496 2496 2496 2496 2496 2496 2496 2496 2496 2496 2496 2496 2496 2496 2496 2496 2496 2496 2496 2496 2496 2496 2496 2496 2496 2496 2496 2496 2496 2496 2496 2496 2496 2496 2496 2496 2496 2496 2496 2496 2496 2496 2496 2496 2496 2496 2496 2496 2496 2496 2496 2496 2496 2496 2496 2496 2496 2496 2496 2496 2496 2496 2496 2496 2496 2496 2496 2496 2496 2496 2496 2496 2496 2496 2496 2496 2496 2496 2496 2496 
3000 3000 3000 3000 3000 3000 3000 3000 3000 3000 3000 3000 3000 3000 3000 3000 3000 3000 3000 3000 3000 3000 3000 3000 3000 3000 3000 3000 3000 3000 3000 3000 3000 3000 3000 3000 3000 3000 3000 3000 3000 3000 3000 3000 3000 3000 3000 3000 3000 3000 3000 3000 3000 3000 3000 3000 3000 3000 3000 3000 3000 3000 3000 3000 3000 3000 3000 3000 3000 3000 3000 3000 3000 3000 3000 3000 3000 3000 3000 3000 3000 3000 3000 3000 3000 3000 3000 3000 3000 3000 3000 3000 3000 3000 3000 3000 3000 3000 3000 3000 
3500 3500 3500 3500 3500 3500 3500 3500 3500 3500 3500 3500 3500 3500 3500 3500 3500 3500 3500 3500 3500 3500 3500 3500 3500 3500 3500 3500 3500 3500 3500 3500 3500 3500 3500 3500 3500 3500 3500 3500 3500 3500 3500 3500 3500 3500 3500 3500 3500 3500 3500 3500 3500 3500 3500 3500 3500 3500 3500 3500 3500 3500 3500 3500 3500 3500 3500 3500 3500 3500 3500 3500 3500 3500 3500 3500 3500 3500 3500 3500 3500 3500 3500 3500 3500 3500 3500 3500 3500 3500 3500 3500 3500 3500 3500 3500 3500 3500 3500 3500 
4003 4003 4003 4003 4003 4003 4003 4003 4003 4003 4003 4003 4003 4003 4003 4003 4003 4003 4003 4003 4003 4003 4003 4003 4003 4003 4003 4003 4003 4003 4003 4003 4003 4003 4003 4003 4003 4003 4003 4003 4003 4003 4003 4003 4003 4003 4003 4003 4003 4003 4003 4003 4003 4003 4003 4003 4003 4003 4003 4003 4003 4003 4003 4003 4003 4003 4003 4003 4003 4003 4003 4003 4003 4003 4003 4003 4003 4003 4003 4003 4003 4003 4003 4003 4003 4003 4003 4003 4003 4003 4003 4003 4003 4003 4003 4003 4003 4003 4003 4003 
4447 4447 4468 4495 4521 4544 4569 4591 4611 4628 4642 4651 4658 4659 4654 4645 4629 4605 4577 4540 4495 4444 4394 4354 4324 4300 4282 4270 4262 4256 4252 4243 4232 4213 4188 4160 4129 4099 4072 4050 4035 4024 4015 4006 3998 3991 3983 3971 3957 3942 3926 3907 3890 3871 3854 3836 3819 3803 3788 3776 3765 3755 3744 3734 3725 3714 3701 3687 3672 3658 3645 3633 3622 3612 3599 3586 3573 3561 3550 3539 3527 3515 3505 3495 3484 3473 3461 3450 3442 3432 3423 3414 3406 3396 3388 3379 3371 3364 3358 3352 
4949 4993 4899 599 49 49 49 49 49 49 49 49 49 49 49 49 49 49 49 49 49 49 49 49 49 49 49 49 49 49 49 49 49 49 49 49 49 49 49 49 49 49 49 49 49 49 49 49 49 49 49 49 49 49 49 49 49 49 49 49 49 49 49 49 49 49 49 49 49 49 49 49 49 49 49 49 49 49 49 49 49 49 49 49 49 49 49 49 49 49 49 49 49 49 49 49 49 49 49 49 