0 0 0 0 0 0 0 0 0 0 0 0 0 0 0 0 0 0 0 0 0 0 0 0 0 0 0 0 0 0 0 0 0 0 0 0 0 0 0 0 0 0 0 0 0 0 0 0 0 0 0 0 0 0 0 0 0 0 0 0 0 0 0 0 0 0 0 0 0 0 0 0 0 0 0 0 0 0 0 0 0 0 0 0 0 0 0 0 0 0 0 0 0 0 0 0 0 0 0 0 
506 10 0 0 0 0 0 0 0 0 0 0 0 0 0 0 0 0 0 0 0 0 0 0 0 0 0 0 0 0 0 0 0 0 0 0 0 0 0 0 0 0 0 0 0 0 0 0 0 0 0 0 0 0 0 0 0 0 0 0 0 0 0 0 0 0 0 0 0 0 0 0 0 0 0 0 0 0 0 0 0 0 0 0 0 0 0 0 0 0 0 0 0 0 0 0 0 0 0 0 
1010 117 2 0 0 0 0 0 0 0 0 0 0 0 0 0 0 0 0 0 0 0 0 0 0 0 0 0 0 0 0 0 0 0 0 0 0 0 0 0 0 0 0 0 0 0 0 0 0 0 0 0 0 0 0 0 0 0 0 0 0 0 0 0 0 0 0 0 0 0 0 0 0 0 0 0 0 0 0 0 0 0 0 0 0 0 0 0 0 0 0 0 0 0 0 0 0 0 0 0 
1515 430 60 1 0 0 0 0 0 0 0 0 0 0 0 0 0 0 0 0 0 0 0 0 0 0 0 0 0 0 0 0 0 0 0 0 0 0 0 0 0 0 0 0 0 0 0 0 0 0 0 0 0 0 0 0 0 0 0 0 0 0 0 0 0 0 0 0 0 0 0 0 0 0 0 0 0 0 0 0 0 0 0 0 0 0 0 0 0 0 0 0 0 0 0 0 0 0 0 0 
2022 976 378 82 5 0 0 0 0 0 0 0 0 0 0 0 0 0 0 0 0 0 0 0 0 0 0 0 0 0 0 0 0 0 0 0 0 0 0 0 0 0 0 0 0 0 0 0 0 0 0 0 0 0 0 0 0 0 0 0 0 0 0 0 0 0 0 0 0 0 0 0 0 0 0 0 0 0 0 0 0 0 0 0 0 0 0 0 0 0 0 0 0 0 0 0 0 0 0 0 
2525 1689 1125 675 322 96 12 0 0 0 0 0 0 0 0 0 0 0 0 0 0 0 0 0 0 0 0 0 0 0 0 0 0 0 0 0 0 0 0 0 0 0 0 0 0 0 0 0 0 0 0 0 0 0 0 0 0 0 0 0 0 0 0 0 0 0 0 0 0 0 0 0 0 0 0 0 0 0 0 0 0 0 0 0 0 0 0 0 0 0 0 0 0 0 0 0 0 0 0 0 
3034 2489 2164 1921 1715 1524 1337 1144 940 726 511 317 168 76 30 11 4 1 0 0 0 0 0 0 0 0 0 0 0 0 0 0 0 0 0 0 0 0 0 0 0 0 0 0 0 0 0 0 0 0 0 0 0 0 0 0 0 0 0 0 0 0 0 0 0 0 0 0 0 0 0 0 0 0 0 0 0 0 0 0 0 0 0 0 0 0 0 0 0 0 0 0 0 0 0 0 0 0 0 0 
3539 3260 3147 3093 3066 3051 3043 3039 3037 3036 3035 3035 3034 3034 3034 3034 3034 3034 3034 3034 3034 3034 3034 3034 3034 3034 3034 3034 3034 3034 3034 3034 3034 3034 3034 3034 3034 3034 3034 3034 3034 3034 3034 3034 3034 3034 3034 3034 3034 3034 3034 3034 3034 3034 3034 3034 3034 3034 3034 3034 3034 3034 3034 3034 3034 3034 3034 3034 3034 3034 3034 3034 3034 3034 3034 3034 3034 3034 3034 3034 3034 3034 3034 3034 3034 3034 3034 3034 3034 3034 3034 3034 3034 3034 3034 3034 3034 3034 3034 3034 
4045 3948 3929 3924 3923 3923 3923 3923 3923 3923 3923 3923 3923 3923 3923 3923 3923 3923 3923 3923 3923 3923 3923 3923 3923 3923 3923 3923 3923 3923 3923 3923 3923 3923 3923 3923 3923 3923 3923 3923 3923 3923 3923 3923 3923 3923 3923 3923 3923 3923 3923 3923 3923 3923 3923 3923 3923 3923 3923 3923 3923 3923 3923 3923 3923 3923 3923 3923 3923 3923 3923 3923 3923 3923 3923 3923 3923 3923 3923 3923 3923 3923 3923 3923 3923 3923 3923 3923 3923 3923 3923 3923 3923 3923 3923 3923 3923 3923 3923 3923 
4499 4481 4479 4479 4479 4479 4479 4479 4479 4479 4479 4479 4479 4479 4479 4479 4479 4479 4479 4479 4479 4479 4479 4479 4479 4479 4479 4479 4479 4479 4479 4479 4479 4479 4479 4479 4479 4479 4479 4479 4479 4479 4479 4479 4479 4479 4479 4479 4479 4479 4479 4479 4479 4479 4479 4479 4479 4479 4479 4479 4479 4479 4479 4479 4479 4479 4479 4479 4479 4479 4479 4479 4479 4479 4479 4479 4479 4479 4479 4479 4479 4479 4479 4479 4479 4479 4479 4479 4479 4479 4479 4479 4479 4479 4479 4479 4479 4479 4479 4479 
5005 5005 5005 5005 5005 5005 5005 5005 5005 5005 5005 5005 5005 5005 5005 5005 5005 5005 5005 5005 5005 5005 5005 5005 5005 5005 5005 5005 5005 5005 5005 5005 5005 5005 5005 5005 5005 5005 5005 5005 5005 5005 5005 5005 5005 5005 5005 5005 5005 5005 5005 5005 5005 5005 5005 5005 5005 5005 5005 5005 5005 5005 5005 5005 5005 5005 5005 5005 5005 5005 5005 5005 5005 5005 5005 5005 5005 5005 5005 5005 5005 5005 5005 5005 5005 5005 5005 5005 5005 5005 5005 5005 5005 5005 5005 5005 5005 5005 5005 5005 