0 0 0 0 0 0 0 0 0 0 0 0 0 0 0 0 0 0 0 0 0 0 0 0 0 0 0 0 0 0 0 0 0 0 0 0 0 0 0 0 0 0 0 0 0 0 0 0 0 0 0 0 0 0 0 0 0 0 0 0 0 0 0 0 0 0 0 0 0 0 0 0 0 0 0 0 0 0 0 0 0 0 0 0 0 0 0 0 0 0 0 0 0 0 0 0 0 0 0 0 
503 8 0 0 0 0 0 0 0 0 0 0 0 0 0 0 0 0 0 0 0 0 0 0 0 0 0 0 0 0 0 0 0 0 0 0 0 0 0 0 0 0 0 0 0 0 0 0 0 0 0 0 0 0 0 0 0 0 0 0 0 0 0 0 0 0 0 0 0 0 0 0 0 0 0 0 0 0 0 0 0 0 0 0 0 0 0 0 0 0 0 0 0 0 0 0 0 0 0 0 
1006 117 2 0 0 0 0 0 0 0 0 0 0 0 0 0 0 0 0 0 0 0 0 0 0 0 0 0 0 0 0 0 0 0 0 0 0 0 0 0 0 0 0 0 0 0 0 0 0 0 0 0 0 0 0 0 0 0 0 0 0 0 0 0 0 0 0 0 0 0 0 0 0 0 0 0 0 0 0 0 0 0 0 0 0 0 0 0 0 0 0 0 0 0 0 0 0 0 0 0 
1509 419 57 1 0 0 0 0 0 0 0 0 0 0 0 0 0 0 0 0 0 0 0 0 0 0 0 0 0 0 0 0 0 0 0 0 0 0 0 0 0 0 0 0 0 0 0 0 0 0 0 0 0 0 0 0 0 0 0 0 0 0 0 0 0 0 0 0 0 0 0 0 0 0 0 0 0 0 0 0 0 0 0 0 0 0 0 0 0 0 0 0 0 0 0 0 0 0 0 0 
2021 970 374 81 5 0 0 0 0 0 0 0 0 0 0 0 0 0 0 0 0 0 0 0 0 0 0 0 0 0 0 0 0 0 0 0 0 0 0 0 0 0 0 0 0 0 0 0 0 0 0 0 0 0 0 0 0 0 0 0 0 0 0 0 0 0 0 0 0 0 0 0 0 0 0 0 0 0 0 0 0 0 0 0 0 0 0 0 0 0 0 0 0 0 0 0 0 0 0 0 
2529 1699 1135 682 329 104 15 0 0 0 0 0 0 0 0 0 0 0 0 0 0 0 0 0 0 0 0 0 0 0 0 0 0 0 0 0 0 0 0 0 0 0 0 0 0 0 0 0 0 0 0 0 0 0 0 0 0 0 0 0 0 0 0 0 0 0 0 0 0 0 0 0 0 0 0 0 0 0 0 0 0 0 0 0 0 0 0 0 0 0 0 0 0 0 0 0 0 0 0 0 
3022 2473 2143 1893 1677 1473 1271 1066 850 627 412 238 117 47 15 3 0 0 0 0 0 0 0 0 0 0 0 0 0 0 0 0 0 0 0 0 0 0 0 0 0 0 0 0 0 0 0 0 0 0 0 0 0 0 0 0 0 0 0 0 0 0 0 0 0 0 0 0 0 0 0 0 0 0 0 0 0 0 0 0 0 0 0 0 0 0 0 0 0 0 0 0 0 0 0 0 0 0 0 0 
3532 3251 3135 3078 3049 3034 3025 3020 3018 3017 3016 3015 3015 3015 3015 3015 3015 3015 3015 3015 3015 3015 3015 3015 3015 3015 3015 3015 3015 3015 3015 3015 3015 3015 3015 3015 3015 3015 3015 3015 3015 3015 3015 3015 3015 3015 3015 3015 3015 3015 3015 3015 3015 3015 3015 3015 3015 3015 3015 3015 3015 3015 3015 3015 3015 3015 3015 3015 3015 3015 3015 3015 3015 3015 3015 3015 3015 3015 3015 3015 3015 3015 3015 3015 3015 3015 3015 3015 3015 3015 3015 3015 3015 3015 3015 3015 3015 3015 3015 3015 
4039 3943 3924 3919 3918 3917 3917 3917 3917 3917 3917 3917 3917 3917 3917 3917 3917 3917 3917 3917 3917 3917 3917 3917 3917 3917 3917 3917 3917 3917 3917 3917 3917 3917 3917 3917 3917 3917 3917 3917 3917 3917 3917 3917 3917 3917 3917 3917 3917 3917 3917 3917 3917 3917 3917 3917 3917 3917 3917 3917 3917 3917 3917 3917 3917 3917 3917 3917 3917 3917 3917 3917 3917 3917 3917 3917 3917 3917 3917 3917 3917 3917 3917 3917 3917 3917 3917 3917 3917 3917 3917 3917 3917 3917 3917 3917 3917 3917 3917 3917 
4549 4536 4535 4535 4535 4535 4535 4535 4535 4535 4535 4535 4535 4535 4535 4535 4535 4535 4535 4535 4535 4535 4535 4535 4535 4535 4535 4535 4535 4535 4535 4535 4535 4535 4535 4535 4535 4535 4535 4535 4535 4535 4535 4535 4535 4535 4535 4535 4535 4535 4535 4535 4535 4535 4535 4535 4535 4535 4535 4535 4535 4535 4535 4535 4535 4535 4535 4535 4535 4535 4535 4535 4535 4535 4535 4535 4535 4535 4535 4535 4535 4535 4535 4535 4535 4535 4535 4535 4535 4535 4535 4535 4535 4535 4535 4535 4535 4535 4535 4535 
5056 5056 5056 5056 5056 5056 5056 5056 5056 5056 5056 5056 5056 5056 5056 5056 5056 5056 5056 5056 5056 5056 5056 5056 5056 5056 5056 5056 5056 5056 5056 5056 5056 5056 5056 5056 5056 5056 5056 5056 5056 5056 5056 5056 5056 5056 5056 5056 5056 5056 5056 5056 5056 5056 5056 5056 5056 5056 5056 5056 5056 5056 5056 5056 5056 5056 5056 5056 5056 5056 5056 5056 5056 5056 5056 5056 5056 5056 5056 5056 5056 5056 5056 5056 5056 5056 5056 5056 5056 5056 5056 5056 5056 5056 5056 5056 5056 5056 5056 5056