0 0 0 0 0 0 0 0 0 0 0 0 0 0 0 0 0 0 0 0 0 0 0 0 0 0 0 0 0 0 0 0 0 0 0 0 0 0 0 0 0 0 0 0 0 0 0 0 0 0 0 0 0 0 0 0 0 0 0 0 0 0 0 0 0 0 0 0 0 0 0 0 0 0 0 0 0 0 0 0 0 0 0 0 0 0 0 0 0 0 0 0 0 0 0 0 0 0 0 0 
500 20 0 0 0 0 0 0 0 0 0 0 0 0 0 0 0 0 0 0 0 0 0 0 0 0 0 0 0 0 0 0 0 0 0 0 0 0 0 0 0 0 0 0 0 0 0 0 0 0 0 0 0 0 0 0 0 0 0 0 0 0 0 0 0 0 0 0 0 0 0 0 0 0 0 0 0 0 0 0 0 0 0 0 0 0 0 0 0 0 0 0 0 0 0 0 0 0 0 0 
996 203 16 0 0 0 0 0 0 0 0 0 0 0 0 0 0 0 0 0 0 0 0 0 0 0 0 0 0 0 0 0 0 0 0 0 0 0 0 0 0 0 0 0 0 0 0 0 0 0 0 0 0 0 0 0 0 0 0 0 0 0 0 0 0 0 0 0 0 0 0 0 0 0 0 0 0 0 0 0 0 0 0 0 0 0 0 0 0 0 0 0 0 0 0 0 0 0 0 0 
1501 659 227 40 1 0 0 0 0 0 0 0 0 0 0 0 0 0 0 0 0 0 0 0 0 0 0 0 0 0 0 0 0 0 0 0 0 0 0 0 0 0 0 0 0 0 0 0 0 0 0 0 0 0 0 0 0 0 0 0 0 0 0 0 0 0 0 0 0 0 0 0 0 0 0 0 0 0 0 0 0 0 0 0 0 0 0 0 0 0 0 0 0 0 0 0 0 0 0 0 
2004 1325 900 571 308 122 26 2 0 0 0 0 0 0 0 0 0 0 0 0 0 0 0 0 0 0 0 0 0 0 0 0 0 0 0 0 0 0 0 0 0 0 0 0 0 0 0 0 0 0 0 0 0 0 0 0 0 0 0 0 0 0 0 0 0 0 0 0 0 0 0 0 0 0 0 0 0 0 0 0 0 0 0 0 0 0 0 0 0 0 0 0 0 0 0 0 0 0 0 0 
2498 2054 1821 1666 1549 1454 1370 1293 1221 1149 1076 1000 923 845 768 694 624 558 493 432 374 320 273 232 196 167 146 130 117 107 99 92 85 79 73 66 60 54 50 46 43 41 40 40 40 40 40 40 40 40 40 40 40 40 40 40 40 40 39 39 39 39 39 38 38 38 37 37 36 35 34 33 31 30 30 30 30 30 30 30 30 30 30 30 30 30 30 30 30 30 30 30 30 30 30 30 30 30 30 30 
3006 2784 2712 2686 2675 2670 2669 2668 2667 2667 2667 2667 2667 2667 2667 2667 2667 2667 2667 2667 2667 2667 2667 2667 2667 2667 2667 2667 2667 2667 2667 2667 2667 2667 2667 2667 2667 2667 2667 2667 2667 2667 2667 2667 2667 2667 2667 2667 2667 2667 2667 2667 2667 2667 2667 2667 2667 2667 2667 2667 2667 2667 2667 2667 2667 2667 2667 2667 2667 2667 2667 2667 2667 2667 2667 2667 2667 2667 2667 2667 2667 2667 2667 2667 2667 2667 2667 2667 2667 2667 2667 2667 2667 2667 2667 2667 2667 2667 2667 2667 
3496 3411 3397 3395 3395 3395 3395 3395 3395 3395 3395 3395 3395 3395 3395 3395 3395 3395 3395 3395 3395 3395 3395 3395 3395 3395 3395 3395 3395 3395 3395 3395 3395 3395 3395 3395 3395 3395 3395 3395 3395 3395 3395 3395 3395 3395 3395 3395 3395 3395 3395 3395 3395 3395 3395 3395 3395 3395 3395 3395 3395 3395 3395 3395 3395 3395 3395 3395 3395 3395 3395 3395 3395 3395 3395 3395 3395 3395 3395 3395 3395 3395 3395 3395 3395 3395 3395 3395 3395 3395 3395 3395 3395 3395 3395 3395 3395 3395 3395 3395 
3996 3977 3976 3976 3976 3976 3976 3976 3976 3976 3976 3976 3976 3976 3976 3976 3976 3976 3976 3976 3976 3976 3976 3976 3976 3976 3976 3976 3976 3976 3976 3976 3976 3976 3976 3976 3976 3976 3976 3976 3976 3976 3976 3976 3976 3976 3976 3976 3976 3976 3976 3976 3976 3976 3976 3976 3976 3976 3976 3976 3976 3976 3976 3976 3976 3976 3976 3976 3976 3976 3976 3976 3976 3976 3976 3976 3976 3976 3976 3976 3976 3976 3976 3976 3976 3976 3976 3976 3976 3976 3976 3976 3976 3976 3976 3976 3976 3976 3976 3976 
4452 4451 4451 4451 4451 4451 4451 4451 4451 4451 4451 4451 4451 4451 4451 4451 4451 4451 4451 4451 4451 4451 4451 4451 4451 4451 4451 4451 4451 4451 4451 4451 4451 4451 4451 4451 4451 4451 4451 4451 4451 4451 4451 4451 4451 4451 4451 4451 4451 4451 4451 4451 4451 4451 4451 4451 4451 4451 4451 4451 4451 4451 4451 4451 4451 4451 4451 4451 4451 4451 4451 4451 4451 4451 4451 4451 4451 4451 4451 4451 4451 4451 4451 4451 4451 4451 4451 4451 4451 4451 4451 4451 4451 4451 4451 4451 4451 4451 4451 4451 
4950 4950 4950 4950 4950 4950 4950 4950 4950 4950 4950 4950 4950 4950 4950 4950 4950 4950 4950 4950 4950 4950 4950 4950 4950 4950 4950 4950 4950 4950 4950 4950 4950 4950 4950 4950 4950 4950 4950 4950 4950 4950 4950 4950 4950 4950 4950 4950 4950 4950 4950 4950 4950 4950 4950 4950 4950 4950 4950 4950 4950 4950 4950 4950 4950 4950 4950 4950 4950 4950 4950 4950 4950 4950 4950 4950 4950 4950 4950 4950 4950 4950 4950 4950 4950 4950 4950 4950 4950 4950 4950 4950 4950 4950 4950 4950 4950 4950 4950 4950