0 0 0 0 0 0 0 0 0 0 0 0 0 0 0 0 0 0 0 0 0 0 0 0 0 0 0 0 0 0 0 0 0 0 0 0 0 0 0 0 0 0 0 0 0 0 0 0 0 0 0 0 0 0 0 0 0 0 0 0 0 0 0 0 0 0 0 0 0 0 0 0 0 0 0 0 0 0 0 0 0 0 0 0 0 0 0 0 0 0 0 0 0 0 0 0 0 0 0 0 
518 358 358 358 358 358 358 358 358 358 358 358 358 358 358 358 358 358 358 358 358 358 358 358 358 358 358 358 358 358 358 358 358 358 358 358 358 358 358 358 358 358 358 358 358 358 358 358 358 358 358 358 358 358 358 358 358 358 358 358 358 358 358 358 358 358 358 358 358 358 358 358 358 358 358 358 358 358 358 358 358 358 358 358 358 358 358 358 358 358 358 358 358 358 358 358 358 358 358 358 
1014 996 996 996 996 996 996 996 996 996 996 996 996 996 996 996 996 996 996 996 996 996 996 996 996 996 996 996 996 996 996 996 996 996 996 996 996 996 996 996 996 996 996 996 996 996 996 996 996 996 996 996 996 996 996 996 996 996 996 996 996 996 996 996 996 996 996 996 996 996 996 996 996 996 996 996 996 996 996 996 996 996 996 996 996 996 996 996 996 996 996 996 996 996 996 996 996 996 996 996 
1519 1581 1581 1581 1581 1581 1581 1581 1581 1581 1581 1581 1581 1581 1581 1581 1581 1581 1581 1581 1581 1581 1581 1581 1581 1581 1581 1581 1581 1581 1581 1581 1581 1581 1581 1581 1581 1581 1581 1581 1581 1581 1581 1581 1581 1581 1581 1581 1581 1581 1581 1581 1581 1581 1581 1581 1581 1581 1581 1581 1581 1581 1581 1581 1581 1581 1581 1581 1581 1581 1581 1581 1581 1581 1581 1581 1581 1581 1581 1581 1581 1581 1581 1581 1581 1581 1581 1581 1581 1581 1581 1581 1581 1581 1581 1581 1581 1581 1581 1581 
2013 2052 2052 2052 2052 2052 2052 2052 2052 2052 2052 2052 2052 2052 2052 2052 2052 2052 2052 2052 2052 2052 2052 2052 2052 2052 2052 2052 2052 2052 2052 2052 2052 2052 2052 2052 2052 2052 2052 2052 2052 2052 2052 2052 2052 2052 2052 2052 2052 2052 2052 2052 2052 2052 2052 2052 2052 2052 2052 2052 2052 2052 2052 2052 2052 2052 2052 2052 2052 2052 2052 2052 2052 2052 2052 2052 2052 2052 2052 2052 2052 2052 2052 2052 2052 2052 2052 2052 2052 2052 2052 2052 2052 2052 2052 2052 2052 2052 2052 2052 
2535 2537 2537 2537 2537 2537 2537 2537 2537 2537 2537 2537 2537 2537 2537 2537 2537 2537 2537 2537 2537 2537 2537 2537 2537 2537 2537 2537 2537 2537 2537 2537 2537 2537 2537 2537 2537 2537 2537 2537 2537 2537 2537 2537 2537 2537 2537 2537 2537 2537 2537 2537 2537 2537 2537 2537 2537 2537 2537 2537 2537 2537 2537 2537 2537 2537 2537 2537 2537 2537 2537 2537 2537 2537 2537 2537 2537 2537 2537 2537 2537 2537 2537 2537 2537 2537 2537 2537 2537 2537 2537 2537 2537 2537 2537 2537 2537 2537 2537 2537 
3047 2994 2994 2994 2994 2994 2994 2994 2994 2994 2994 2994 2994 2994 2994 2994 2994 2994 2994 2994 2994 2994 2994 2994 2994 2994 2994 2994 2994 2994 2994 2994 2994 2994 2994 2994 2994 2994 2994 2994 2994 2994 2994 2994 2994 2994 2994 2994 2994 2994 2994 2994 2994 2994 2994 2994 2994 2994 2994 2994 2994 2994 2994 2994 2994 2994 2994 2994 2994 2994 2994 2994 2994 2994 2994 2994 2994 2994 2994 2994 2994 2994 2994 2994 2994 2994 2994 2994 2994 2994 2994 2994 2994 2994 2994 2994 2994 2994 2994 2994 
3577 3527 3527 3527 3527 3527 3527 3527 3527 3527 3527 3527 3527 3527 3527 3527 3527 3527 3527 3527 3527 3527 3527 3527 3527 3527 3527 3527 3527 3527 3527 3527 3527 3527 3527 3527 3527 3527 3527 3527 3527 3527 3527 3527 3527 3527 3527 3527 3527 3527 3527 3527 3527 3527 3527 3527 3527 3527 3527 3527 3527 3527 3527 3527 3527 3527 3527 3527 3527 3527 3527 3527 3527 3527 3527 3527 3527 3527 3527 3527 3527 3527 3527 3527 3527 3527 3527 3527 3527 3527 3527 3527 3527 3527 3527 3527 3527 3527 3527 3527 
4028 4047 4047 4047 4047 4047 4047 4047 4047 4047 4047 4047 4047 4047 4047 4047 4047 4047 4047 4047 4047 4047 4047 4047 4047 4047 4047 4047 4047 4047 4047 4047 4047 4047 4047 4047 4047 4047 4047 4047 4047 4047 4047 4047 4047 4047 4047 4047 4047 4047 4047 4047 4047 4047 4047 4047 4047 4047 4047 4047 4047 4047 4047 4047 4047 4047 4047 4047 4047 4047 4047 4047 4047 4047 4047 4047 4047 4047 4047 4047 4047 4047 4047 4047 4047 4047 4047 4047 4047 4047 4047 4047 4047 4047 4047 4047 4047 4047 4047 4047 
4513 4655 4655 4655 4655 4655 4655 4655 4655 4655 4655 4655 4655 4655 4655 4655 4655 4655 4655 4655 4655 4655 4655 4655 4655 4655 4655 4655 4655 4655 4655 4655 4655 4655 4655 4655 4655 4655 4655 4655 4655 4655 4655 4655 4655 4655 4655 4655 4655 4655 4655 4655 4655 4655 4655 4655 4655 4655 4655 4655 4655 4655 4655 4655 4655 4655 4655 4655 4655 4655 4655 4655 4655 4655 4655 4655 4655 4655 4655 4655 4655 4655 4655 4655 4655 4655 4655 4655 4655 4655 4655 4655 4655 4655 4655 4655 4655 4655 4655 4655 
5006 5051 5051 5051 5051 5051 5051 5051 5051 5051 5051 5051 5051 5051 5051 5051 5051 5051 5051 5051 5051 5051 5051 5051 5051 5051 5051 5051 5051 5051 5051 5051 5051 5051 5051 5051 5051 5051 5051 5051 5051 5051 5051 5051 5051 5051 5051 5051 5051 5051 5051 5051 5051 5051 5051 5051 5051 5051 5051 5051 5051 5051 5051 5051 5051 5051 5051 5051 5051 5051 5051 5051 5051 5051 5051 5051 5051 5051 5051 5051 5051 5051 5051 5051 5051 5051 5051 5051 5051 5051 5051 5051 5051 5051 5051 5051 5051 5051 5051 5051 