0 0 0 0 0 0 0 0 0 0 0 0 0 0 0 0 0 0 0 0 0 0 0 0 0 0 0 0 0 0 0 0 0 0 0 0 0 0 0 0 0 0 0 0 0 0 0 0 0 0 0 0 0 0 0 0 0 0 0 0 0 0 0 0 0 0 0 0 0 0 0 0 0 0 0 0 0 0 0 0 0 0 0 0 0 0 0 0 0 0 0 0 0 0 0 0 0 0 0 0 
506 506 332 192 96 42 13 2 0 0 0 0 0 0 0 0 0 0 0 0 0 0 0 0 0 0 0 0 0 0 0 0 0 0 0 0 0 0 0 0 0 0 0 0 0 0 0 0 0 0 0 0 0 0 0 0 0 0 0 0 0 0 0 0 0 0 0 0 0 0 0 0 0 0 0 0 0 0 0 0 0 0 0 0 0 0 0 0 0 0 0 0 0 0 0 0 0 0 0 0 
1009 1009 1008 1005 1002 1000 998 997 995 994 994 993 992 992 991 991 990 990 990 990 989 989 989 989 989 989 988 988 988 988 988 988 988 988 988 988 989 989 990 990 991 991 992 994 996 998 1000 1001 1001 1002 1003 1003 1005 1006 1007 1009 1012 1016 1018 1021 1023 1025 1028 1030 1034 1036 1039 1042 1044 1045 1047 1049 1052 1057 1062 1068 1075 1082 1088 1093 1095 1098 1102 1106 1110 1112 1116 1119 1123 1127 1131 1138 1143 1146 1148 1151 1152 1154 1156 1158 
1509 1509 1509 1509 1509 1509 1509 1509 1509 1509 1509 1509 1509 1509 1509 1509 1509 1509 1509 1509 1509 1509 1509 1509 1509 1509 1509 1509 1509 1509 1509 1509 1509 1509 1509 1509 1509 1509 1509 1509 1509 1509 1509 1509 1509 1509 1509 1509 1509 1509 1509 1509 1509 1509 1509 1509 1509 1509 1509 1509 1509 1509 1509 1509 1509 1509 1509 1509 1509 1509 1509 1509 1509 1509 1509 1509 1509 1509 1509 1509 1509 1509 1509 1509 1509 1509 1509 1509 1509 1509 1509 1509 1509 1509 1509 1509 1509 1509 1509 1509 
2021 2021 2021 2021 2021 2021 2021 2021 2021 2021 2021 2021 2021 2021 2021 2021 2021 2021 2021 2021 2021 2021 2021 2021 2021 2021 2021 2021 2021 2021 2021 2021 2021 2021 2021 2021 2021 2021 2021 2021 2021 2021 2021 2021 2021 2021 2021 2021 2021 2021 2021 2021 2021 2021 2021 2021 2021 2021 2021 2021 2021 2021 2021 2021 2021 2021 2021 2021 2021 2021 2021 2021 2021 2021 2021 2021 2021 2021 2021 2021 2021 2021 2021 2021 2021 2021 2021 2021 2021 2021 2021 2021 2021 2021 2021 2021 2021 2021 2021 2021 
2532 2532 2532 2532 2532 2532 2532 2532 2532 2532 2532 2532 2532 2532 2532 2532 2532 2532 2532 2532 2532 2532 2532 2532 2532 2532 2532 2532 2532 2532 2532 2532 2532 2532 2532 2532 2532 2532 2532 2532 2532 2532 2532 2532 2532 2532 2532 2532 2532 2532 2532 2532 2532 2532 2532 2532 2532 2532 2532 2532 2532 2532 2532 2532 2532 2532 2532 2532 2532 2532 2532 2532 2532 2532 2532 2532 2532 2532 2532 2532 2532 2532 2532 2532 2532 2532 2532 2532 2532 2532 2532 2532 2532 2532 2532 2532 2532 2532 2532 2532 
3038 3038 3038 3038 3038 3038 3038 3038 3038 3038 3038 3038 3038 3038 3038 3038 3038 3038 3038 3038 3038 3038 3038 3038 3038 3038 3038 3038 3038 3038 3038 3038 3038 3038 3038 3038 3038 3038 3038 3038 3038 3038 3038 3038 3038 3038 3038 3038 3038 3038 3038 3038 3038 3038 3038 3038 3038 3038 3038 3038 3038 3038 3038 3038 3038 3038 3038 3038 3038 3038 3038 3038 3038 3038 3038 3038 3038 3038 3038 3038 3038 3038 3038 3038 3038 3038 3038 3038 3038 3038 3038 3038 3038 3038 3038 3038 3038 3038 3038 3038 
3537 3537 3537 3537 3537 3537 3537 3537 3537 3537 3537 3537 3537 3537 3537 3537 3537 3537 3537 3537 3537 3537 3537 3537 3537 3537 3537 3537 3537 3537 3537 3537 3537 3537 3537 3537 3537 3537 3537 3537 3537 3537 3537 3537 3537 3537 3537 3537 3537 3537 3537 3537 3537 3537 3537 3537 3537 3537 3537 3537 3537 3537 3537 3537 3537 3537 3537 3537 3537 3537 3537 3537 3537 3537 3537 3537 3537 3537 3537 3537 3537 3537 3537 3537 3537 3537 3537 3537 3537 3537 3537 3537 3537 3537 3537 3537 3537 3537 3537 3537 
4049 4049 4050 4054 4057 4059 4061 4062 4063 4064 4065 4066 4066 4067 4067 4068 4068 4069 4069 4069 4070 4070 4071 4071 4072 4072 4072 4072 4073 4073 4073 4073 4074 4074 4074 4074 4074 4074 4074 4074 4074 4074 4073 4073 4072 4072 4071 4070 4069 4067 4065 4063 4059 4056 4053 4048 4043 4037 4032 4031 4029 4028 4027 4025 4024 4021 4018 4014 4010 4006 4001 3995 3987 3982 3976 3969 3964 3960 3955 3950 3946 3942 3935 3929 3922 3916 3911 3908 3904 3899 3895 3892 3890 3887 3883 3880 3878 3877 3876 3875 
4499 4499 4657 4788 4891 4962 5009 5037 4544 2880 1162 252 50 0 0 0 0 0 0 0 0 0 0 0 0 0 0 0 0 0 0 0 0 0 0 0 0 0 0 0 0 0 0 0 0 0 0 0 0 0 0 0 0 0 0 0 0 0 0 0 0 0 0 0 0 0 0 0 0 0 0 0 0 0 0 0 0 0 0 0 0 0 0 0 0 0 0 0 0 0 0 0 0 0 0 0 0 0 0 0 
5005 5051 4651 303 0 0 0 0 0 0 0 0 0 0 0 0 0 0 0 0 0 0 0 0 0 0 0 0 0 0 0 0 0 0 0 0 0 0 0 0 0 0 0 0 0 0 0 0 0 0 0 0 0 0 0 0 0 0 0 0 0 0 0 0 0 0 0 0 0 0 0 0 0 0 0 0 0 0 0 0 0 0 0 0 0 0 0 0 0 0 0 0 0 0 0 0 0 0 0 0 